$ANSIBLE_VAULT;1.1;AES256
65633537333364333165623136623134653835373065343635326666656464633237313834376533
6530623661313432303664376139343064343835653837620a383730646232383635616366323337
34396535366532353233396434643633626164386162393166363865356134363332373830623138
6532373336386662360a336665653637353365653563613931363638303731626439613565396237
34643634333165383131306636383663386537353234346165333137666239333134393438653636
66363464633631366533336132346530633838656561386135323637383838323066346536656534
39613237376634313462303037303364626331623963653136613933323833366236346436343834
33663066323865313535356637376238366538346464613631666463643137656665336232373837
31666636623636636566386635363636303136363739383865623038306362326437386463373662
37376434393566646132373333326432643162626665646239376263343931396362376166343536
65653834393964663035363739373935333839643063636461623939313463653462343434323530
36303461313332363130666664643134616139306466383836336535323537333762373461633036
34666438356636613165646434306664333432643962303932646538616336396261316361633030
63653361653738373135313561366462313937343532363335316164383235303133333962376534
30306630653062323136643739376666376361643636346438373339613234323964363337383335
30386461383932373330303336663061366232656561656336376130303065343431393534633034
35363236336635326230663164356130373264663463343766303265623536613361613066643839
32653635653034613338313632386561636164643532643135616232326239346638393838353962
34666666636466616633343364653535333166346161623366336563623465393837373931363566
38323964373565626531636239323963633064366665643139373537326537643530333732323962
39343334653232653330373734643139313233353735383233336337633330613361666130373739
35353132346436623138333432373230373564346563333966353034633934393231393861303131
36326232666436343733353263616532326634643136306531666362386339643364383033633633
63323265346666326336393334323133343639396362356533616666356561666239613865623934
30646264373238336635376131336563613464623437623735623030316336636133313466363931
33663134623161396434353431323831393735383135666366316533343563383636353034636464
66323737386533613234363535613533653564656231353638633365646633626164356563636566
31663665626566396364373365373935373836323162343964336263313364623335623139353035
62356331333963326433316637323664333866346266346638356433363164666431363230373864
33343537636632346461343430316463653363303564656533626330333637623766386161653732
36313239626231353265353664653763613539376439323437653533656435333661393064336235
33363634613636376133613630633463616365633334303531336262623061373966383330396134
37373164646566616462613762383261653137646535363862643233386665363464306330666266
35393831646565386164383536616134343363396335363031386339353837626638623635383836
63396533323339323132376430616239616238633336616230393263373061323132343439393262
63646164386535313634613762313562386530323831343463333937356561363131386262646332
64336565653633346262353466316132663431633862633534613561613666646432616664383661
65623436353337346234643364353636343464626161336438626334323166646638633536343436
34613466346539313261663966393933393837663131623435653732376465643062633439366430
30363938316135613763313664383032333834396331363032623036343263336539633830323830
65306130653861663835393930643865383930623863306162343537313761316665633630616132
31623961613838343735396339373738653931383238333830623462373632646666333866353534
36653536316261326166386237623533393937373031323233626363346437613230383965386630
61613533373464646163393566326135643166643135623734366532323539663666386432366333
38316531326462323566326530626265336165353231353766623663353032393539633535346365
32626432353433323339633039663334333535666134383931626462356465383563633536666162
34643633336535323731616431643630306636383265643635623565336336323638386637643931
63396662643664633335323865393330623464393534366437656631353230363164346230663863
35373637396565316333393733393730356232643932376532383732646163353836353430303462
64386335356263326539633337353833343431316266656335623863643365353933316131646230
33623762653033643335363864623236376632323735643835666531373261336364313564353339
37633364626634366333373638616632633434356534366462656334653036306139626433656338
34613964636633646566356539656537623762316466396130373235366432356230646162313637
39353033643562653733353632393936353135343365666631333735326138616337333232326664
63666636656665633165633631303438373036373464643833373134313738646261303332623464
66343534623130663537376538646261313562353430393539636339663330663666376337643361
33306334663461666263366636323235653663303937353236303836653037666438326161366261
65383030346634393438306139613263663065393731646162303666653131643732613961383534
37313561356162333037633532396463646130393661366161346236356338633733306430646438
66616463393232616235653137326164363532636561363832363133323066646438373862346634
66323035396661663437303537643532303965393361313462353131363638363836386534383261
30643163633165323263616331373033653835646134616465653831316638643635306538363539
38636138313332396434336465343963393265363735316636313361646436326337383832633166
62656234633434306235356366393137616437386361353734383266646430366565626631353366
34336338363136396565316435363866393239383736306564386634323536656566653339386433
65323731333465306364323063616435306431623736316462366238646466376265306564613232
36353965313537336639323033336430323139636538346636666634356338323631343661313534
64336532323864383130646233643135623433363333313164366230626439356632373238636631
32323930373439633065626230306266653864623233633631656466373432393332626566643738
64626330643566333838353535323265363863646563613062663138396130613431336537323033
39316130393733613965393136343935616139333861323461636536396239653837303733663062
63316165323965393837316462363830623536623839393735303034653933303630333033363966
31653464613062616432346533633832633430656266326563316232613661383131376365386531
65313661613032376636633438623238633261633761326336343133326161336238313964656535
61623135336161363932366666366165613865333266636464643134343530326633363235333838
33616162303938313462336162306665633265613964346531376438336365383039626163656633
38333438653034346335323234376261626362643135353039396462383133643537363132366237
36653231646339633831353264316532346666376661653030363234333434343435626639393865
64333536303230623261353634663561373133323739653561396637336565666665303364643663
63663735366639633364636662613039386561383462303162386461326365373236623330363733
63633032353565663734653831633963316537323838316662313530633565343764663266313230
31343731393638626666626634363663396433326362323234623866393664383562386464663763
38396435346439623831383561373137366164653938323466623233376565363837626630363162
30666333393361343138393662656263626233656461653535333131613134616133623531386161
66353761373439613531323465363132653565366264613463396336636134333531366435363066
36326630326661623437623362323935636532636266333537306431323962363363616338323038
36326566346562303666303438396135393762356563383762613938363361663935313065346632
66363236386432323837353461383330613761366430356661306331336162663366613963666431
63376262623462396665633435633231386138393464323335656235353534633432323661303739
61666163376536656539643939653064363335666564336239316233353231363066643834333132
30323466313863323062373463633263666432383664396538303661323830356136376164636361
39383137373130376433663736613061306466666531313436353531383962656437653836373339
33306462613633666465386366373732313532333336343831396134363062383936333731643539
61323166366239366437363961303032323030306336363161323530623331663438616336386239
35333466653562303336386135393236356138313564353039653131373535333335336639376536
34663334633130613164663465313430303938663262643437663139323632633335303230643533
39646565393565323232626332383663653965373462383361613434356231343339613161356431
33666465373438396633663739633861636433343864616533346665313631656261343838356532
31393033343066313563333838346433623138653535653333373030316662363030363833386233
30633639363634373334633031643738313066396134386364376532663233623064636131643536
66373266663038326333353366323438336265613639323361633234623630313436373432383332
33376432393265393434393764336633666232313339363561613561333437666639323363393462
32616237646335393831373439363462656232356130386361383032356466663132383236666263
62373139346138633938303563303432306239613966666432653762363362303134346339623064
30373639616264666131323462343238373666363239373739653334306336616362336463613665
34613063386434373761383834386238306538623465393966636566343932656335366337336336
38663663623063373464613130653562323563623663646637393530626333323033306534333465
64343130393636626636663964323063383330373234316331633963303563656138313332383765
63313539626538326164373065313739663639343039343863353131323530666132663465313836
64303332633062653735663035623239356333656163633836333732326461376663363161633464
61303438646133666234616464306139383562623534396435626330616531303566643636383533
66343562326236303333333638653865303566616638383061386466643035633565636566663030
63666331626339363831353638633334633666653836633435396139356231363834366364616565
34316565356564356331323338646366366663633631323439386464313738303931353933336431
31343862646530623666613166646163376533363539323565393761383735623732366463623461
36303933373039363066313439653237636534303931643634616432306466636230613732366538
33353366613339643666616631306166663064623935663230323630643235353535613662383562
32633734636361613538396134366131346134393439306462333933663531353238383963353639
65393433653331616463303566656361613731356237353166663838663661316332633837326166
36663364353062393564643564393064616636623561633731386464396633323132323063393232
32626366663464613538633663663863373165303861363031393563333731343236373066306338
32323739323962653865346235356361366236386461633163626531616335663231303932636236
36356231343738353261316635666637323034333566326439646230306239653038666664616561
38356662306630383066376239633965333264613931333331663631636134366633663235393834
34363561623333653238376532393535316131333933343566393431343561353266656638393431
64633633393334303930333532353337326664323763653739653564313736623637303864613564
33323138636636626363306162636462623737643432336632343236366461303839646461633461
65663436393033636531626530383730323737366232633534363239663738343138656330373965
65646637623361643139333062646634306364363432336136393262633936353238666239326431
30303231353135613030383365623231623538376561333066393662663235313438323133306164
33666533376362626137663961643263353233343534383732623736643461613139366330393438
38633833653261646337326237646161623737376239313566663834353462313132626566633334
64376537656462303366663161356433393462666562386638343564663832663461393966613230
6636306233346232666133623361336336353038306232653738
